Seed: 100
494,495,167,328,326,814,1037,169,1073,330,28,819,655,818,666,658,166,74,980,327,164,491,492,489,817,978,3,165,981,979,493,329,163,2,816,654,490,653,815,1,
0.310470829
Elapsed time: 6
Seed: 101
494,495,167,328,326,814,1037,169,1073,330,28,819,655,818,666,658,166,74,980,327,164,491,492,489,817,978,3,165,981,979,493,329,163,2,816,654,490,653,815,1,
0.310470829
Elapsed time: 5
Seed: 102
494,495,167,328,326,814,1037,169,1073,330,28,819,655,818,666,658,166,74,980,327,164,491,492,489,817,978,3,165,981,979,493,329,163,2,816,654,490,653,815,1,
0.310470829
Elapsed time: 5
Seed: 103
494,495,167,328,326,814,1037,169,1073,330,28,819,655,818,666,658,166,74,980,327,164,491,492,489,817,978,3,165,981,979,493,329,163,2,816,654,490,653,815,1,
0.310470829
Elapsed time: 5
Seed: 104
494,495,167,328,326,814,1037,169,1073,330,28,819,655,818,666,658,166,74,980,327,164,491,492,489,817,978,3,165,981,979,493,329,163,2,816,654,490,653,815,1,
0.310470829
Elapsed time: 6
Seed: 105
494,495,167,328,326,814,1037,169,1073,330,28,819,655,818,666,658,166,74,980,327,164,491,492,489,817,978,3,165,981,979,493,329,163,2,816,654,490,653,815,1,
0.310470829
Elapsed time: 5
Seed: 106
494,495,167,328,326,814,1037,169,1073,330,28,819,655,818,666,658,166,74,980,327,164,491,492,489,817,978,3,165,981,979,493,329,163,2,816,654,490,653,815,1,
0.310470829
Elapsed time: 5
Seed: 107
494,495,167,328,326,814,1037,169,1073,330,28,819,655,818,666,658,166,74,980,327,164,491,492,489,817,978,3,165,981,979,493,329,163,2,816,654,490,653,815,1,
0.310470829
Elapsed time: 5
Seed: 108
494,495,167,328,326,814,1037,169,1073,330,28,819,655,818,666,658,166,74,980,327,164,491,492,489,817,978,3,165,981,979,493,329,163,2,816,654,490,653,815,1,
0.310470829
Elapsed time: 5
Seed: 109
494,495,167,328,326,814,1037,169,1073,330,28,819,655,818,666,658,166,74,980,327,164,491,492,489,817,978,3,165,981,979,493,329,163,2,816,654,490,653,815,1,
0.310470829
Elapsed time: 5
Seed: 110
494,495,167,328,326,814,1037,169,1073,330,28,819,655,818,666,658,166,74,980,327,164,491,492,489,817,978,3,165,981,979,493,329,163,2,816,654,490,653,815,1,
0.310470829
Elapsed time: 5
Seed: 111
494,495,167,328,326,814,1037,169,1073,330,28,819,655,818,666,658,166,74,980,327,164,491,492,489,817,978,3,165,981,979,493,329,163,2,816,654,490,653,815,1,
0.310470829
Elapsed time: 5
Seed: 112
494,495,167,328,326,814,1037,169,1073,330,28,819,655,818,666,658,166,74,980,327,164,491,492,489,817,978,3,165,981,979,493,329,163,2,816,654,490,653,815,1,
0.310470829
Elapsed time: 5
Seed: 113
1,815,653,490,654,816,2,163,329,493,979,165,3,981,978,817,489,492,491,164,327,980,74,166,658,666,818,655,819,28,330,1073,169,1037,814,326,328,167,495,494,
0.308330781
Elapsed time: 5
Seed: 114
1,815,653,490,654,816,2,163,329,493,979,165,3,981,978,817,489,492,491,164,327,980,74,166,658,666,818,655,819,28,330,1073,169,1037,814,326,328,167,495,494,
0.308330781
Elapsed time: 5
Seed: 115
1,815,653,490,654,816,2,163,329,493,979,165,3,981,978,817,489,492,491,164,327,980,74,166,658,666,818,655,819,28,330,1073,169,1037,814,326,328,167,495,494,
0.308330781
Elapsed time: 6
Seed: 116
1,815,653,490,654,816,2,163,329,493,979,165,3,981,978,817,489,492,491,164,327,980,74,166,658,666,818,655,819,28,330,1073,169,1037,814,326,328,167,495,494,
0.308330781
Elapsed time: 5
Seed: 117
1,815,653,490,654,816,2,163,329,493,979,165,3,981,978,817,489,492,491,164,327,980,74,166,658,666,818,655,819,28,330,1073,169,1037,814,326,328,167,495,494,
0.308330781
Elapsed time: 5
Seed: 118
1,815,653,490,654,816,2,163,329,493,979,165,3,981,978,817,489,492,491,164,327,980,74,166,658,666,818,655,819,28,330,1073,169,1037,814,326,328,167,495,494,
0.308330781
Elapsed time: 5
Seed: 119
1,815,653,490,654,816,2,163,329,493,979,165,3,981,978,817,489,492,491,164,327,980,74,166,658,666,818,655,819,28,330,1073,169,1037,814,326,328,167,495,494,
0.308330781
Elapsed time: 5
Seed: 120
1,815,653,490,654,816,2,163,329,493,979,165,3,981,978,817,489,492,491,164,327,980,74,166,658,666,818,655,819,28,330,1073,169,1037,814,326,328,167,495,494,
0.308330781
Elapsed time: 5
Seed: 121
1,815,653,490,654,816,2,163,329,493,979,165,3,981,978,817,489,492,491,164,327,980,74,166,658,666,818,655,819,28,330,1073,169,1037,814,326,328,167,495,494,
0.308330781
Elapsed time: 5
Seed: 122
1,815,653,490,654,816,2,163,329,493,979,165,3,981,978,817,489,492,491,164,327,980,74,166,658,666,818,655,819,28,330,1073,169,1037,814,326,328,167,495,494,
0.308330781
Elapsed time: 5
Seed: 123
1,815,653,490,654,816,2,163,329,493,979,165,3,981,978,817,489,492,491,164,327,980,74,166,658,666,818,655,819,28,330,1073,169,1037,814,326,328,167,495,494,
0.308330781
Elapsed time: 5
Seed: 124
1,815,653,490,654,816,2,163,329,493,979,165,3,981,978,817,489,492,491,164,327,980,74,166,658,666,818,655,819,28,330,1073,169,1037,814,326,328,167,495,494,
0.308330781
Elapsed time: 5
Seed: 125
1,815,653,490,654,816,2,163,329,493,979,165,3,981,978,817,489,492,491,164,327,980,74,166,658,666,818,655,819,28,330,1073,169,1037,814,326,328,167,495,494,
0.308330781
Elapsed time: 5
Seed: 126
1,815,653,490,654,816,2,163,329,493,979,165,3,981,978,817,489,492,491,164,327,980,74,166,658,666,818,655,819,28,330,1073,169,1037,814,326,328,167,495,494,
0.308330781
Elapsed time: 5
Seed: 127
1,815,653,490,654,816,2,163,329,493,979,165,3,981,978,817,489,492,491,164,327,980,74,166,658,666,818,655,819,28,330,1073,169,1037,814,326,328,167,495,494,
0.308330781
Elapsed time: 5
Seed: 128
1,815,653,490,654,816,2,163,329,493,979,165,3,981,978,817,489,492,491,164,327,980,74,166,658,666,818,655,819,28,330,1073,169,1037,814,326,328,167,495,494,
0.308330781
Elapsed time: 5
Seed: 129
1,815,653,490,654,816,2,163,329,493,979,165,3,981,978,817,489,492,491,164,327,980,74,166,658,666,818,655,819,28,330,1073,169,1037,814,326,328,167,495,494,
0.308330781
Elapsed time: 5
Seed: 130
1,815,653,490,654,816,2,163,329,493,979,165,3,981,978,817,489,492,491,164,327,980,74,166,658,666,818,655,819,28,330,1073,169,1037,814,326,328,167,495,494,
0.308330781
Elapsed time: 5
Seed: 131
1,815,653,490,654,816,2,163,329,493,979,165,3,981,978,817,489,492,491,164,327,980,74,166,658,666,818,655,819,28,330,1073,169,1037,814,326,328,167,495,494,
0.308330781
Elapsed time: 5
Seed: 132
1,815,653,490,654,816,2,163,329,493,979,165,3,981,978,817,489,492,491,164,327,980,74,166,658,666,818,655,819,28,330,1073,169,1037,814,326,328,167,495,494,
0.308330781
Elapsed time: 5
Seed: 133
1,815,653,490,654,816,2,163,329,493,979,165,3,981,978,817,489,492,491,164,327,980,74,166,658,666,818,655,819,28,330,1073,169,1037,814,326,328,167,495,494,
0.308330781
Elapsed time: 6
Seed: 134
1,815,653,490,654,816,2,163,329,493,979,165,3,981,978,817,489,492,491,164,327,980,74,166,658,666,818,655,819,28,330,1073,169,1037,814,326,328,167,495,494,
0.308330781
Elapsed time: 5
Seed: 135
1,815,653,490,654,816,2,163,329,493,979,165,3,981,978,817,489,492,491,164,327,980,74,166,658,666,818,655,819,28,330,1073,169,1037,814,326,328,167,495,494,
0.308330781
Elapsed time: 5
Seed: 136
1,815,653,490,654,816,2,163,329,493,979,165,3,981,978,817,489,492,491,164,327,980,74,166,658,666,818,655,819,28,330,1073,169,1037,814,326,328,167,495,494,
0.308330781
Elapsed time: 5
Seed: 137
1,815,653,490,654,816,2,163,329,493,979,165,3,981,978,817,489,492,491,164,327,980,74,166,658,666,818,655,819,28,330,1073,169,1037,814,326,328,167,495,494,
0.308330781
Elapsed time: 6
Seed: 138
1,815,653,490,654,816,2,163,329,493,979,165,3,981,978,817,489,492,491,164,327,980,74,166,658,666,818,655,819,28,330,1073,169,1037,814,326,328,167,495,494,
0.308330781
Elapsed time: 5
Seed: 139
1,815,653,490,654,816,2,163,329,493,979,165,3,981,978,817,489,492,491,164,327,980,74,166,658,666,818,655,819,28,330,1073,169,1037,814,326,328,167,495,494,
0.308330781
Elapsed time: 6
Seed: 140
1,815,653,490,654,816,2,163,329,493,979,165,3,981,978,817,489,492,491,164,327,980,74,166,658,666,818,655,819,28,330,1073,169,1037,814,326,328,167,495,494,
0.308330781
Elapsed time: 6
Seed: 141
1,815,653,490,654,816,2,163,329,493,979,165,3,981,978,817,489,492,491,164,327,980,74,166,658,666,818,655,819,28,330,1073,169,1037,814,326,328,167,495,494,
0.308330781
Elapsed time: 6
Seed: 142
1,815,653,490,654,816,2,163,329,493,979,165,3,981,978,817,489,492,491,164,327,980,74,166,658,666,818,655,819,28,330,1073,169,1037,814,326,328,167,495,494,
0.308330781
Elapsed time: 6
Seed: 143
1,815,653,490,654,816,2,163,329,493,979,165,3,981,978,817,489,492,491,164,327,980,74,166,658,666,818,655,819,28,330,1073,169,1037,814,326,328,167,495,494,
0.308330781
Elapsed time: 5
Seed: 144
1,815,653,490,654,816,2,163,329,493,979,165,3,981,978,817,489,492,491,164,327,980,74,166,658,666,818,655,819,28,330,1073,169,1037,814,326,328,167,495,494,
0.308330781
Elapsed time: 6
Seed: 145
1,815,653,490,654,816,2,163,329,493,979,165,3,981,978,817,489,492,491,164,327,980,74,166,658,666,818,655,819,28,330,1073,169,1037,814,326,328,167,495,494,
0.308330781
Elapsed time: 6
Seed: 146
1,815,653,490,654,816,2,163,329,493,979,165,3,981,978,817,489,492,491,164,327,980,74,166,658,666,818,655,819,28,330,1073,169,1037,814,326,328,167,495,494,
0.308330781
Elapsed time: 6
Seed: 147
1,815,653,490,654,816,2,163,329,493,979,165,3,981,978,817,489,492,491,164,327,980,74,166,658,666,818,655,819,28,330,1073,169,1037,814,326,328,167,495,494,
0.308330781
Elapsed time: 5
Seed: 148
1,815,653,490,654,816,2,163,329,493,979,165,3,981,978,817,489,492,491,164,327,980,74,166,658,666,818,655,819,28,330,1073,169,1037,814,326,328,167,495,494,
0.308330781
Elapsed time: 5
Seed: 149
1,815,653,490,654,816,2,163,329,493,979,165,3,981,978,817,489,492,491,164,327,980,74,166,658,666,818,655,819,28,330,1073,169,1037,814,326,328,167,495,494,
0.308330781
Elapsed time: 5
Seed: 150
1,815,653,490,654,816,2,163,329,493,979,165,3,981,978,817,489,492,491,164,327,980,74,166,658,666,818,655,819,28,330,1073,169,1037,814,326,328,167,495,494,
0.308330781
Elapsed time: 5
Seed: 151
1,815,653,490,654,816,2,163,329,493,979,165,3,981,978,817,489,492,491,164,327,980,74,166,658,666,818,655,819,28,330,1073,169,1037,814,326,328,167,495,494,
0.308330781
Elapsed time: 5
Seed: 152
1,815,653,490,654,816,2,163,329,493,979,165,3,981,978,817,489,492,491,164,327,980,74,166,658,666,818,655,819,28,330,1073,169,1037,814,326,328,167,495,494,
0.308330781
Elapsed time: 5
Seed: 153
1,815,653,490,654,816,2,163,329,493,979,165,3,981,978,817,489,492,491,164,327,980,74,166,658,666,818,655,819,28,330,1073,169,1037,814,326,328,167,495,494,
0.308330781
Elapsed time: 5
Seed: 154
1,815,653,490,654,816,2,163,329,493,979,165,3,981,978,817,489,492,491,164,327,980,74,166,658,666,818,655,819,28,330,1073,169,1037,814,326,328,167,495,494,
0.308330781
Elapsed time: 5
Seed: 155
1,815,653,490,654,816,2,163,329,493,979,165,3,981,978,817,489,492,491,164,327,980,74,166,658,666,818,655,819,28,330,1073,169,1037,814,326,328,167,495,494,
0.308330781
Elapsed time: 5
Seed: 156
1,815,653,490,654,816,2,163,329,493,979,165,3,981,978,817,489,492,491,164,327,980,74,166,658,666,818,655,819,28,330,1073,169,1037,814,326,328,167,495,494,
0.308330781
Elapsed time: 5
Seed: 157
1,815,653,490,654,816,2,163,329,493,979,165,3,981,978,817,489,492,491,164,327,980,74,166,658,666,818,655,819,28,330,1073,169,1037,814,326,328,167,495,494,
0.308330781
Elapsed time: 5
Seed: 158
1,815,653,490,654,816,2,163,329,493,979,165,3,981,978,817,489,492,491,164,327,980,74,166,658,666,818,655,819,28,330,1073,169,1037,814,326,328,167,495,494,
0.308330781
Elapsed time: 5
Seed: 159
1,815,653,490,654,816,2,163,329,493,979,165,3,981,978,817,489,492,491,164,327,980,74,166,658,666,818,655,819,28,330,1073,169,1037,814,326,328,167,495,494,
0.308330781
Elapsed time: 5
Seed: 160
1,815,653,490,654,816,2,163,329,493,979,165,3,981,978,817,489,492,491,164,327,980,74,166,658,666,818,655,819,28,330,1073,169,1037,814,326,328,167,495,494,
0.308330781
Elapsed time: 5
Seed: 161
1,815,653,490,654,816,2,163,329,493,979,165,3,981,978,817,489,492,491,164,327,980,74,166,658,666,818,655,819,28,330,1073,169,1037,814,326,328,167,495,494,
0.308330781
Elapsed time: 5
Seed: 162
1,815,653,490,654,816,2,163,329,493,979,165,3,981,978,817,489,492,491,164,327,980,74,166,658,666,818,655,819,28,330,1073,169,1037,814,326,328,167,495,494,
0.308330781
Elapsed time: 5
Seed: 163
1,815,653,490,654,816,2,163,329,493,979,165,3,981,978,817,489,492,491,164,327,980,74,166,658,666,818,655,819,28,330,1073,169,1037,814,326,328,167,495,494,
0.308330781
Elapsed time: 5
Seed: 164
1,815,653,490,654,816,2,163,329,493,979,165,3,981,978,817,489,492,491,164,327,980,74,166,658,666,818,655,819,28,330,1073,169,1037,814,326,328,167,495,494,
0.308330781
Elapsed time: 5
Seed: 165
1,815,653,490,654,816,2,163,329,493,979,165,3,981,978,817,489,492,491,164,327,980,74,166,658,666,818,655,819,28,330,1073,169,1037,814,326,328,167,495,494,
0.308330781
Elapsed time: 5
Seed: 166
1,815,653,490,654,816,2,163,329,493,979,165,3,981,978,817,489,492,491,164,327,980,74,166,658,666,818,655,819,28,330,1073,169,1037,814,326,328,167,495,494,
0.308330781
Elapsed time: 5
Seed: 167
1,815,653,490,654,816,2,163,329,493,979,165,3,981,978,817,489,492,491,164,327,980,74,166,658,666,818,655,819,28,330,1073,169,1037,814,326,328,167,495,494,
0.308330781
Elapsed time: 5
Seed: 168
1,815,653,490,654,816,2,163,329,493,979,165,3,981,978,817,489,492,491,164,327,980,74,166,658,666,818,655,819,28,330,1073,169,1037,814,326,328,167,495,494,
0.308330781
Elapsed time: 5
Seed: 169
1,815,653,490,654,816,2,163,329,493,979,165,3,981,978,817,489,492,491,164,327,980,74,166,658,666,818,655,819,28,330,1073,169,1037,814,326,328,167,495,494,
0.308330781
Elapsed time: 5
Seed: 170
1,815,653,490,654,816,2,163,329,493,979,165,3,981,978,817,489,492,491,164,327,980,74,166,658,666,818,655,819,28,330,1073,169,1037,814,326,328,167,495,494,
0.308330781
Elapsed time: 5
Seed: 171
1,815,653,490,654,816,2,163,329,493,979,165,3,981,978,817,489,492,491,164,327,980,74,166,658,666,818,655,819,28,330,1073,169,1037,814,326,328,167,495,494,
0.308330781
Elapsed time: 5
Seed: 172
1,815,653,490,654,816,2,163,329,493,979,165,3,981,978,817,489,492,491,164,327,980,74,166,658,666,818,655,819,28,330,1073,169,1037,814,326,328,167,495,494,
0.308330781
Elapsed time: 5
Seed: 173
1,815,653,490,654,816,2,163,329,493,979,165,3,981,978,817,489,492,491,164,327,980,74,166,658,666,818,655,819,28,330,1073,169,1037,814,326,328,167,495,494,
0.308330781
Elapsed time: 5
Seed: 174
1,815,653,490,654,816,2,163,329,493,979,165,3,981,978,817,489,492,491,164,327,980,74,166,658,666,818,655,819,28,330,1073,169,1037,814,326,328,167,495,494,
0.308330781
Elapsed time: 5
Seed: 175
1,815,653,490,654,816,2,163,329,493,979,165,3,981,978,817,489,492,491,164,327,980,74,166,658,666,818,655,819,28,330,1073,169,1037,814,326,328,167,495,494,
0.308330781
Elapsed time: 5
Seed: 176
1,815,653,490,654,816,2,163,329,493,979,165,3,981,978,817,489,492,491,164,327,980,74,166,658,666,818,655,819,28,330,1073,169,1037,814,326,328,167,495,494,
0.308330781
Elapsed time: 5
Seed: 177
1,815,653,490,654,816,2,163,329,493,979,165,3,981,978,817,489,492,491,164,327,980,74,166,658,666,818,655,819,28,330,1073,169,1037,814,326,328,167,495,494,
0.308330781
Elapsed time: 5
Seed: 178
1,815,653,490,654,816,2,163,329,493,979,165,3,981,978,817,489,492,491,164,327,980,74,166,658,666,818,655,819,28,330,1073,169,1037,814,326,328,167,495,494,
0.308330781
Elapsed time: 5
Seed: 179
1,815,653,490,654,816,2,163,329,493,979,165,3,981,978,817,489,492,491,164,327,980,74,166,658,666,818,655,819,28,330,1073,169,1037,814,326,328,167,495,494,
0.308330781
Elapsed time: 5
Seed: 180
1,815,653,490,654,816,2,163,329,493,979,165,3,981,978,817,489,492,491,164,327,980,74,166,658,666,818,655,819,28,330,1073,169,1037,814,326,328,167,495,494,
0.308330781
Elapsed time: 5
Seed: 181
1,815,653,490,654,816,2,163,329,493,979,165,3,981,978,817,489,492,491,164,327,980,74,166,658,666,818,655,819,28,330,1073,169,1037,814,326,328,167,495,494,
0.308330781
Elapsed time: 5
Seed: 182
1,815,653,490,654,816,2,163,329,493,979,165,3,981,978,817,489,492,491,164,327,980,74,166,658,666,818,655,819,28,330,1073,169,1037,814,326,328,167,495,494,
0.308330781
Elapsed time: 6
Seed: 183
1,815,653,490,654,816,2,163,329,493,979,165,3,981,978,817,489,492,491,164,327,980,74,166,658,666,818,655,819,28,330,1073,169,1037,814,326,328,167,495,494,
0.308330781
Elapsed time: 6
Seed: 184
1,815,653,490,654,816,2,163,329,493,979,165,3,981,978,817,489,492,491,164,327,980,74,166,658,666,818,655,819,28,330,1073,169,1037,814,326,328,167,495,494,
0.308330781
Elapsed time: 9
Seed: 185
1,815,653,490,654,816,2,163,329,493,979,165,3,981,978,817,489,492,491,164,327,980,74,166,658,666,818,655,819,28,330,1073,169,1037,814,326,328,167,495,494,
0.308330781
Elapsed time: 6
Seed: 186
1,815,653,490,654,816,2,163,329,493,979,165,3,981,978,817,489,492,491,164,327,980,74,166,658,666,818,655,819,28,330,1073,169,1037,814,326,328,167,495,494,
0.308330781
Elapsed time: 5
Seed: 187
1,815,653,490,654,816,2,163,329,493,979,165,3,981,978,817,489,492,491,164,327,980,74,166,658,666,818,655,819,28,330,1073,169,1037,814,326,328,167,495,494,
0.308330781
Elapsed time: 6
Seed: 188
1,815,653,490,654,816,2,163,329,493,979,165,3,981,978,817,489,492,491,164,327,980,74,166,658,666,818,655,819,28,330,1073,169,1037,814,326,328,167,495,494,
0.308330781
Elapsed time: 6
Seed: 189
1,815,653,490,654,816,2,163,329,493,979,165,3,981,978,817,489,492,491,164,327,980,74,166,658,666,818,655,819,28,330,1073,169,1037,814,326,328,167,495,494,
0.308330781
Elapsed time: 5
Seed: 190
1,815,653,490,654,816,2,163,329,493,979,165,3,981,978,817,489,492,491,164,327,980,74,166,658,666,818,655,819,28,330,1073,169,1037,814,326,328,167,495,494,
0.308330781
Elapsed time: 5
Seed: 191
1,815,653,490,654,816,2,163,329,493,979,165,3,981,978,817,489,492,491,164,327,980,74,166,658,666,818,655,819,28,330,1073,169,1037,814,326,328,167,495,494,
0.308330781
Elapsed time: 5
Seed: 192
1,815,653,490,654,816,2,163,329,493,979,165,3,981,978,817,489,492,491,164,327,980,74,166,658,666,818,655,819,28,330,1073,169,1037,814,326,328,167,495,494,
0.308330781
Elapsed time: 5
Seed: 193
1,815,653,490,654,816,2,163,329,493,979,165,3,981,978,817,489,492,491,164,327,980,74,166,658,666,818,655,819,28,330,1073,169,1037,814,326,328,167,495,494,
0.308330781
Elapsed time: 6
Seed: 194
1,815,653,490,654,816,2,163,329,493,979,165,3,981,978,817,489,492,491,164,327,980,74,166,658,666,818,655,819,28,330,1073,169,1037,814,326,328,167,495,494,
0.308330781
Elapsed time: 5
Seed: 195
1,815,653,490,654,816,2,163,329,493,979,165,3,981,978,817,489,492,491,164,327,980,74,166,658,666,818,655,819,28,330,1073,169,1037,814,326,328,167,495,494,
0.308330781
Elapsed time: 5
Seed: 196
1,815,653,490,654,816,2,163,329,493,979,165,3,981,978,817,489,492,491,164,327,980,74,166,658,666,818,655,819,28,330,1073,169,1037,814,326,328,167,495,494,
0.308330781
Elapsed time: 5
Seed: 197
1,815,653,490,654,816,2,163,329,493,979,165,3,981,978,817,489,492,491,164,327,980,74,166,658,666,818,655,819,28,330,1073,169,1037,814,326,328,167,495,494,
0.308330781
Elapsed time: 5
Seed: 198
1,815,653,490,654,816,2,163,329,493,979,165,3,981,978,817,489,492,491,164,327,980,74,166,658,666,818,655,819,28,330,1073,169,1037,814,326,328,167,495,494,
0.308330781
Elapsed time: 5
Seed: 199
1,815,653,490,654,816,2,163,329,493,979,165,3,981,978,817,489,492,491,164,327,980,74,166,658,666,818,655,819,28,330,1073,169,1037,814,326,328,167,495,494,
0.308330781
Elapsed time: 5
Total elapsed time: 582
