Seed: 130
7,823,678,816,187,982,14,181,332,345,654,820,26,981,333,27,990,75,183,16,520,186,675,340,151,828,12,1038,339,17,995,493,509,329,19,839,496,182,172,163,665,673,173,2,656,667,184,815,505,168,9,508,986,1,829,657,663,661,832,507,653,344,490,676,22,185,991,351,1004,6,5,988,165,3,174,4,489,25,501,11,164,334,999,662,331,349,1003,984,491,492,499,347,817,176,23,978,352,668,979,837,8,674,504,511,826,444,346,171,483,1075,652,821,512,179,671,502,74,658,666,818,655,1073,1037,814,494,495,167,328,326,169,330,28,819,166,822,1001,980,297,336,840,350,327,670,20,510,660,825,500,985,343,
0.187759377
Elapsed time: 87
Seed: 131
343,510,660,20,670,504,825,500,985,674,334,1003,11,164,501,25,17,444,826,339,1038,12,828,151,502,340,675,186,520,16,671,483,1075,652,171,346,183,179,512,821,75,489,817,668,176,23,352,978,5,6,1004,351,991,185,22,490,654,26,820,345,332,181,14,982,187,816,678,823,7,507,184,667,656,2,173,839,505,168,508,986,663,657,832,661,829,1,9,815,673,653,344,665,676,163,172,182,496,19,329,509,493,979,837,8,662,999,511,350,840,336,980,297,1001,74,658,666,818,655,819,28,330,1073,169,814,326,328,167,495,494,1037,166,822,327,349,331,995,984,491,492,499,347,4,174,988,165,3,981,333,27,990,
0.171172030
Elapsed time: 74
Seed: 132
151,828,12,1038,502,340,183,346,17,164,11,501,984,491,492,499,347,817,4,174,165,3,333,27,991,26,820,654,507,656,667,184,815,505,168,1,829,661,832,657,663,508,986,9,2,173,673,676,22,185,351,1004,6,5,978,352,668,176,23,988,981,990,332,345,181,14,982,187,816,678,823,7,653,490,344,665,163,172,182,496,839,19,329,509,493,979,837,8,999,662,331,995,349,1003,334,674,985,343,510,660,20,825,500,504,511,327,670,350,339,675,186,520,16,671,512,179,171,483,652,1075,821,75,489,25,444,826,840,336,297,980,74,1001,822,166,658,666,818,655,819,28,330,1073,169,1037,814,326,328,167,495,494,
0.164943812
Elapsed time: 77
Seed: 133
151,828,12,1038,502,340,183,346,17,164,11,501,984,491,492,499,347,817,4,174,165,3,333,27,991,26,820,654,507,656,667,184,815,505,168,1,829,661,832,657,663,508,986,9,2,173,673,676,22,185,351,1004,6,5,978,352,668,176,23,988,981,990,332,345,181,14,982,187,816,678,823,7,653,490,344,665,163,172,182,496,839,19,329,509,493,979,837,8,999,662,331,995,349,1003,334,674,985,343,510,660,20,825,500,504,511,327,670,350,339,675,186,520,16,671,512,179,171,483,652,1075,821,75,489,25,444,826,840,336,297,980,74,1001,822,166,658,666,818,655,819,28,330,1073,169,1037,814,326,328,167,495,494,
0.164943812
Elapsed time: 74
Seed: 134
151,828,12,1038,502,340,183,346,17,164,11,501,984,491,492,499,347,817,4,174,165,3,333,27,991,26,820,654,507,656,667,184,815,505,168,1,829,661,832,657,663,508,986,9,2,173,673,676,22,185,351,1004,6,5,978,352,668,176,23,988,981,990,332,345,181,14,982,187,816,678,823,7,653,490,344,665,163,172,182,496,839,19,329,509,493,979,837,8,999,662,331,995,349,1003,334,674,985,343,510,660,20,825,500,504,511,327,670,350,339,675,186,520,16,671,512,179,171,483,652,1075,821,75,489,25,444,826,840,336,297,980,74,1001,822,166,658,666,818,655,819,28,330,1073,169,1037,814,326,328,167,495,494,
0.164943812
Elapsed time: 76
Seed: 135
151,828,12,1038,502,340,183,346,17,164,11,501,984,491,492,499,347,817,4,174,165,3,333,27,991,26,820,654,507,656,667,184,815,505,168,1,829,661,832,657,663,508,986,9,2,173,673,676,22,185,351,1004,6,5,978,352,668,176,23,988,981,990,332,345,181,14,982,187,816,678,823,7,653,490,344,665,163,172,182,496,839,19,329,509,493,979,837,8,999,662,331,995,349,1003,334,674,985,343,510,660,20,825,500,504,511,327,670,350,339,675,186,520,16,671,512,179,171,483,652,1075,821,75,489,25,444,826,840,336,297,980,74,1001,822,166,658,666,818,655,819,28,330,1073,169,1037,814,326,328,167,495,494,
0.164943812
Elapsed time: 77
Seed: 136
151,828,12,1038,502,340,183,346,17,164,11,501,984,491,492,499,347,817,4,174,165,3,333,27,991,26,820,654,507,656,667,184,815,505,168,1,829,661,832,657,663,508,986,9,2,173,673,676,22,185,351,1004,6,5,978,352,668,176,23,988,981,990,332,345,181,14,982,187,816,678,823,7,653,490,344,665,163,172,182,496,839,19,329,509,493,979,837,8,999,662,331,995,349,1003,334,674,985,343,510,660,20,825,500,504,511,327,670,350,339,675,186,520,16,671,512,179,171,483,652,1075,821,75,489,25,444,826,840,336,297,980,74,1001,822,166,658,666,818,655,819,28,330,1073,169,1037,814,326,328,167,495,494,
0.164943812
Elapsed time: 80
Seed: 137
151,828,12,1038,502,340,183,346,17,164,11,501,984,491,492,499,347,817,4,174,165,3,333,27,991,26,820,654,507,656,667,184,815,505,168,1,829,661,832,657,663,508,986,9,2,173,673,676,22,185,351,1004,6,5,978,352,668,176,23,988,981,990,332,345,181,14,982,187,816,678,823,7,653,490,344,665,163,172,182,496,839,19,329,509,493,979,837,8,999,662,331,995,349,1003,334,674,985,343,510,660,20,825,500,504,511,327,670,350,339,675,186,520,16,671,512,179,171,483,652,1075,821,75,489,25,444,826,840,336,297,980,74,1001,822,166,658,666,818,655,819,28,330,1073,169,1037,814,326,328,167,495,494,
0.164943812
Elapsed time: 79
Seed: 138
151,828,12,1038,502,340,183,346,17,164,11,501,984,491,492,499,347,817,4,174,165,3,333,27,991,26,820,654,507,656,667,184,815,505,168,1,829,661,832,657,663,508,986,9,2,173,673,676,22,185,351,1004,6,5,978,352,668,176,23,988,981,990,332,345,181,14,982,187,816,678,823,7,653,490,344,665,163,172,182,496,839,19,329,509,493,979,837,8,999,662,331,995,349,1003,334,674,985,343,510,660,20,825,500,504,511,327,670,350,339,675,186,520,16,671,512,179,171,483,652,1075,821,75,489,25,444,826,840,336,297,980,74,1001,822,166,658,666,818,655,819,28,330,1073,169,1037,814,326,328,167,495,494,
0.164943812
Elapsed time: 85
Seed: 139
151,828,12,1038,502,340,183,346,17,164,11,501,984,491,492,499,347,817,4,174,165,3,333,27,991,26,820,654,507,656,667,184,815,505,168,1,829,661,832,657,663,508,986,9,2,173,673,676,22,185,351,1004,6,5,978,352,668,176,23,988,981,990,332,345,181,14,982,187,816,678,823,7,653,490,344,665,163,172,182,496,839,19,329,509,493,979,837,8,999,662,331,995,349,1003,334,674,985,343,510,660,20,825,500,504,511,327,670,350,339,675,186,520,16,671,512,179,171,483,652,1075,821,75,489,25,444,826,840,336,297,980,74,1001,822,166,658,666,818,655,819,28,330,1073,169,1037,814,326,328,167,495,494,
0.164943812
Elapsed time: 81
Seed: 140
151,828,12,1038,502,340,183,346,17,164,11,501,984,491,492,499,347,817,4,174,165,3,333,27,991,26,820,654,507,656,667,184,815,505,168,1,829,661,832,657,663,508,986,9,2,173,673,676,22,185,351,1004,6,5,978,352,668,176,23,988,981,990,332,345,181,14,982,187,816,678,823,7,653,490,344,665,163,172,182,496,839,19,329,509,493,979,837,8,999,662,331,995,349,1003,334,674,985,343,510,660,20,825,500,504,511,327,670,350,339,675,186,520,16,671,512,179,171,483,652,1075,821,75,489,25,444,826,840,336,297,980,74,1001,822,166,658,666,818,655,819,28,330,1073,169,1037,814,326,328,167,495,494,
0.164943812
Elapsed time: 86
Seed: 141
151,828,12,1038,502,340,183,346,17,164,11,501,984,491,492,499,347,817,4,174,165,3,333,27,991,26,820,654,507,656,667,184,815,505,168,1,829,661,832,657,663,508,986,9,2,173,673,676,22,185,351,1004,6,5,978,352,668,176,23,988,981,990,332,345,181,14,982,187,816,678,823,7,653,490,344,665,163,172,182,496,839,19,329,509,493,979,837,8,999,662,331,995,349,1003,334,674,985,343,510,660,20,825,500,504,511,327,670,350,339,675,186,520,16,671,512,179,171,483,652,1075,821,75,489,25,444,826,840,336,297,980,74,1001,822,166,658,666,818,655,819,28,330,1073,169,1037,814,326,328,167,495,494,
0.164943812
Elapsed time: 84
Seed: 142
151,828,12,1038,502,340,183,346,17,164,11,501,984,491,492,499,347,817,4,174,165,3,333,27,991,26,820,654,507,656,667,184,815,505,168,1,829,661,832,657,663,508,986,9,2,173,673,676,22,185,351,1004,6,5,978,352,668,176,23,988,981,990,332,345,181,14,982,187,816,678,823,7,653,490,344,665,163,172,182,496,839,19,329,509,493,979,837,8,999,662,331,995,349,1003,334,674,985,343,510,660,20,825,500,504,511,327,670,350,339,675,186,520,16,671,512,179,171,483,652,1075,821,75,489,25,444,826,840,336,297,980,74,1001,822,166,658,666,818,655,819,28,330,1073,169,1037,814,326,328,167,495,494,
0.164943812
Elapsed time: 82
Seed: 143
151,828,12,1038,502,340,183,346,17,164,11,501,984,491,492,499,347,817,4,174,165,3,333,27,991,26,820,654,507,656,667,184,815,505,168,1,829,661,832,657,663,508,986,9,2,173,673,676,22,185,351,1004,6,5,978,352,668,176,23,988,981,990,332,345,181,14,982,187,816,678,823,7,653,490,344,665,163,172,182,496,839,19,329,509,493,979,837,8,999,662,331,995,349,1003,334,674,985,343,510,660,20,825,500,504,511,327,670,350,339,675,186,520,16,671,512,179,171,483,652,1075,821,75,489,25,444,826,840,336,297,980,74,1001,822,166,658,666,818,655,819,28,330,1073,169,1037,814,326,328,167,495,494,
0.164943812
Elapsed time: 84
Seed: 144
151,828,12,1038,502,340,183,346,17,164,11,501,984,491,492,499,347,817,4,174,165,3,333,27,991,26,820,654,507,656,667,184,815,505,168,1,829,661,832,657,663,508,986,9,2,173,673,676,22,185,351,1004,6,5,978,352,668,176,23,988,981,990,332,345,181,14,982,187,816,678,823,7,653,490,344,665,163,172,182,496,839,19,329,509,493,979,837,8,999,662,331,995,349,1003,334,674,985,343,510,660,20,825,500,504,511,327,670,350,339,675,186,520,16,671,512,179,171,483,652,1075,821,75,489,25,444,826,840,336,297,980,74,1001,822,166,658,666,818,655,819,28,330,1073,169,1037,814,326,328,167,495,494,
0.164943812
Elapsed time: 83
Seed: 145
151,828,12,1038,502,340,183,346,17,164,11,501,984,491,492,499,347,817,4,174,165,3,333,27,991,26,820,654,507,656,667,184,815,505,168,1,829,661,832,657,663,508,986,9,2,173,673,676,22,185,351,1004,6,5,978,352,668,176,23,988,981,990,332,345,181,14,982,187,816,678,823,7,653,490,344,665,163,172,182,496,839,19,329,509,493,979,837,8,999,662,331,995,349,1003,334,674,985,343,510,660,20,825,500,504,511,327,670,350,339,675,186,520,16,671,512,179,171,483,652,1075,821,75,489,25,444,826,840,336,297,980,74,1001,822,166,658,666,818,655,819,28,330,1073,169,1037,814,326,328,167,495,494,
0.164943812
Elapsed time: 94
Seed: 146
151,828,12,1038,502,340,183,346,17,164,11,501,984,491,492,499,347,817,4,174,165,3,333,27,991,26,820,654,507,656,667,184,815,505,168,1,829,661,832,657,663,508,986,9,2,173,673,676,22,185,351,1004,6,5,978,352,668,176,23,988,981,990,332,345,181,14,982,187,816,678,823,7,653,490,344,665,163,172,182,496,839,19,329,509,493,979,837,8,999,662,331,995,349,1003,334,674,985,343,510,660,20,825,500,504,511,327,670,350,339,675,186,520,16,671,512,179,171,483,652,1075,821,75,489,25,444,826,840,336,297,980,74,1001,822,166,658,666,818,655,819,28,330,1073,169,1037,814,326,328,167,495,494,
0.164943812
Elapsed time: 73
Seed: 147
151,828,12,1038,502,340,183,346,17,164,11,501,984,491,492,499,347,817,4,174,165,3,333,27,991,26,820,654,507,656,667,184,815,505,168,1,829,661,832,657,663,508,986,9,2,173,673,676,22,185,351,1004,6,5,978,352,668,176,23,988,981,990,332,345,181,14,982,187,816,678,823,7,653,490,344,665,163,172,182,496,839,19,329,509,493,979,837,8,999,662,331,995,349,1003,334,674,985,343,510,660,20,825,500,504,511,327,670,350,339,675,186,520,16,671,512,179,171,483,652,1075,821,75,489,25,444,826,840,336,297,980,74,1001,822,166,658,666,818,655,819,28,330,1073,169,1037,814,326,328,167,495,494,
0.164943812
Elapsed time: 84
Seed: 148
151,828,12,1038,502,340,183,346,17,164,11,501,984,491,492,499,347,817,4,174,165,3,333,27,991,26,820,654,507,656,667,184,815,505,168,1,829,661,832,657,663,508,986,9,2,173,673,676,22,185,351,1004,6,5,978,352,668,176,23,988,981,990,332,345,181,14,982,187,816,678,823,7,653,490,344,665,163,172,182,496,839,19,329,509,493,979,837,8,999,662,331,995,349,1003,334,674,985,343,510,660,20,825,500,504,511,327,670,350,339,675,186,520,16,671,512,179,171,483,652,1075,821,75,489,25,444,826,840,336,297,980,74,1001,822,166,658,666,818,655,819,28,330,1073,169,1037,814,326,328,167,495,494,
0.164943812
Elapsed time: 79
Seed: 149
151,828,12,1038,502,340,183,346,17,164,11,501,984,491,492,499,347,817,4,174,165,3,333,27,991,26,820,654,507,656,667,184,815,505,168,1,829,661,832,657,663,508,986,9,2,173,673,676,22,185,351,1004,6,5,978,352,668,176,23,988,981,990,332,345,181,14,982,187,816,678,823,7,653,490,344,665,163,172,182,496,839,19,329,509,493,979,837,8,999,662,331,995,349,1003,334,674,985,343,510,660,20,825,500,504,511,327,670,350,339,675,186,520,16,671,512,179,171,483,652,1075,821,75,489,25,444,826,840,336,297,980,74,1001,822,166,658,666,818,655,819,28,330,1073,169,1037,814,326,328,167,495,494,
0.164943812
Elapsed time: 84
Total elapsed time: 1634
